receptor = protein/protein_1ebz.pdbqt
ligand = ./ligands/11.pdbqt
center_x = 15.9333
center_y = 25.690944378
center_z = 5.10902631076
size_x = 42.5046873093
size_y = 31.7088621758
size_z = 19.3347771771
out = output/11.pdbqt
num_modes = 1
exhaustiveness = 8